# Created by Octave 4.2.2, Tue May 26 08:55:40 2020 UTC <xstang@os-webtech11-8>
# name: a
# type: scalar
10


